0 0.194245 0 
50 0.899281 1 
100 0.913669 2 
150 0.920863 4 
200 0.920863 5 
250 0.906475 5 
300 0.892086 7 
350 0.892086 9 
400 0.892086 9 
450 0.892086 11 
500 0.892086 12 
550 0.892086 12 
600 0.899281 14 
650 0.899281 16 
700 0.899281 16 
750 0.899281 18 
800 0.899281 19 
850 0.899281 20 
900 0.899281 21 
950 0.899281 22 
1000 0.899281 24 
1050 0.899281 25 
1100 0.899281 25 
1150 0.899281 27 
1200 0.899281 28 
1250 0.899281 29 
1300 0.899281 31 
1350 0.899281 31 
1400 0.899281 33 
1450 0.899281 34 
