0 0.115108 0 
50 0.510791 1 
100 0.496403 3 
150 0.611511 3 
200 0.589928 5 
250 0.625899 6 
300 0.669065 7 
350 0.625899 8 
400 0.625899 9 
450 0.683453 11 
500 0.640288 11 
550 0.647482 13 
600 0.640288 14 
650 0.654676 15 
700 0.669065 16 
750 0.683453 18 
800 0.676259 19 
850 0.690647 19 
900 0.697842 21 
950 0.640288 23 
1000 0.690647 23 
1050 0.690647 25 
1100 0.705036 26 
1150 0.690647 27 
1200 0.705036 28 
1250 0.705036 29 
1300 0.676259 31 
1350 0.690647 32 
1400 0.683453 33 
1450 0.697842 34 
